X/Y
PulseDelay|Millis
0 1925
1 2001
2 2077
3 2152
4 2229
5 2305
6 2381
7 2456
8 2532
9 2609
10 2685
11 2760
12 2838
13 2913
14 2990
15 3066
16 3142
17 3217
18 3293
19 3369
20 3446
21 3523
22 3598
23 3675
24 3750
25 3826
26 3902
27 3978
28 4054
29 4130
30 4207
31 4283
32 4359
33 4436
34 4511
35 4587
36 4663
37 4739
38 4816
39 4892

PulseDelay|Micros
5 2304824
6 2380968
7 2457044
8 2533120
9 2609200
10 2685292
11 2761364
12 2837444
13 2913516
14 2989600
15 3065672
16 3141748
17 3217832
18 3293908
19 3369980
20 3446060
21 3522140
22 3598208
23 3674292
24 3750368



Z
PulseDelay|Millis
1 2063
2 2080
3 2102
4 2121
5 2144
6 2163
7 2184
8 2205
9 2225
10 2246
11 2267
12 2288
13 2308
14 2328
15 2349
16 2370
17 2390
18 2411
19 2432